320
14390
9000
2880
5700
21800
26800
113540
112137
660
2700
28793
2173
7263
10865
4230
8460
14805
11844
5361
6553
6499
3124
51323
17010
1890
5400
62312
24826
26335
363
13989
15058
32377
41632
4160
82040
13189
3426
5833
640
640
2880
110
22080
60654
52163
12546
784
10193
7841
31365
24313
298890
1280
22099
19150
2611
39170
55794
42632
267600
87074
149606
14400
34560
39600
334395
296015
177399
214622
156400
166800
10800
267000
2098833
614080
7680
2629667
2948700
187200
18000
178200
487800
639200
334560
1468800
86720
199200
215200
86400
88640
1814400
4160
3200
199200
356160
518400
345600
31360
265600
