82530
713700
671220
61470
77130
205650
105660
33390
16560
9360
67500
4590
123210
5400
678960
57600
85680
26460
100620
12150
154350
164610
3150
10350
157500
66870
245700
167310
27720
229860
21420
3780
105570
2700
69390
62730
20340
413550
55170
41940
75420
900
43200
380610
500850
69930
3600
990
14400
2430
17910
5670
210060
82620
151740
59130
3510
188820
88560
176130
5130
298080
141480
13680
900
92430
213480
31950
373500
232020
117900
64260
4500
253710
302940
71460
515970
260010
97920
673470
95580
338310
35550
251820
199710
469440
189180
99900
270
90
50670
162180
228330
1620
28440
150480
36000
180
110160
513450
93420
5400
10710
331830
406350
306900
580500
1260
178200
124380
313470
158940